dw 30,52,26,91
dw 26,91,70,66
dw 69,65,31,52
dw 26,90,96,49
dw 98,49,97,88
dw 96,87,26,91
dw 100,50,149,65
dw 151,65,96,86
dw 98,85,98,50
dw 98,87,27,52
dw 26,52,26,91
dw 30,91,559,86
dw 557,85,556,47
dw 556,47,25,51
dw 27,53,69,67
dw 26,90,97,50
dw 97,50,96,87
dw 98,50,150,65
dw 96,88,200,47
dw 199,47,195,85
dw 200,47,245,64
dw 195,84,287,50
dw 289,50,289,85
dw 287,86,375,49
dw 375,48,370,85
dw 370,85,441,49
dw 441,49,438,84
dw 438,84,512,50
dw 512,50,510,84
dw 510,84,553,65
dw 552,64,514,51
dw 476,65,442,49
dw 409,62,378,50
dw 332,65,291,51
dw 30,82,62,65
dw 32,76,60,65
dw 35,72,59,61
dw 30,68,46,63
dw 31,64,42,59
dw 26,59,35,56
dw 103,83,148,64
dw 97,79,140,62
dw 99,74,129,64
dw 102,71,130,59
dw 104,66,124,58
dw 102,62,115,56
dw 99,58,113,55
dw 100,56,107,53
dw 199,55,211,52
dw 199,59,213,54
dw 199,64,223,56
dw 201,67,227,58
dw 198,71,229,61
dw 199,77,232,63
dw 198,79,239,63
dw 292,77,324,64
dw 292,71,318,61
dw 291,66,311,59
dw 291,62,304,57
dw 291,58,299,55
dw 291,54,296,54
dw 374,56,381,54
dw 375,62,389,56
dw 376,65,389,60
dw 373,71,397,62
dw 373,76,401,65
dw 444,59,453,55
dw 443,65,459,58
dw 441,70,462,61
dw 442,76,467,63
dw 445,78,471,65
dw 514,78,543,63
dw 515,74,538,59
dw 516,67,530,57
dw 515,62,522,57
dw 516,56,521,54
